Displaying Example Image
tem2 =

 Columns 1 through 14:

   1.0000000   0.7926638   0.6908642   0.4513310   0.9481042   0.6438222   0.0653896   0.7314788   0.4958552   0.0536325   0.9288205   0.4796612   0.9695933   0.0341062

 Columns 15 through 26:

   0.4527910   0.0069385   0.3796882   0.2405235   0.5487791   0.3172751   0.8612133   0.8180944   0.1510432   0.8459744   0.2375287   0.1181427


Neural Network Prediction: 4 (digit 4)
Paused - press enter to continue, q to exit:

Displaying Example Image
tem2 =

 Columns 1 through 14:

   1.0000000   0.6963499   0.6984910   0.2125727   0.2145196   0.6774826   0.1934462   0.5158770   0.1176627   0.9504019   0.8946135   0.7731179   0.9865595   0.0088418

 Columns 15 through 26:

   0.1382918   0.2418702   0.7943314   0.1001704   0.8651762   0.0132491   0.0772384   0.9715352   0.7313647   0.8771165   0.5121548   0.1668419


Neural Network Prediction: 9 (digit 9)
Paused - press enter to continue, q to exit:q
